83 falc_1kG_reinterp.dat
-7.000000e+00 2.102971e+08 9.310376e+03 3.122971e-01 7.652575e-02 0.000000e+00 2.711099e-13 0.000000e+00 0.000000e+00 0.000000e+00 0.000000e+00 1.047200e+00
-6.900000e+00 2.097528e+08 9.259835e+03 3.157960e-01 7.761431e-02 0.000000e+00 2.751532e-13 0.000000e+00 0.000000e+00 0.000000e+00 0.000000e+00 1.047200e+00
-6.800000e+00 2.090345e+08 9.199809e+03 3.203492e-01 7.879334e-02 0.000000e+00 2.809185e-13 0.000000e+00 0.000000e+00 0.000000e+00 0.000000e+00 1.047200e+00
-6.700000e+00 2.080198e+08 9.123638e+03 3.266968e-01 8.012634e-02 0.000000e+00 2.896147e-13 0.000000e+00 0.000000e+00 0.000000e+00 0.000000e+00 1.047200e+00
-6.600000e+00 2.070051e+08 9.047467e+03 3.330444e-01 8.145933e-02 0.000000e+00 2.983109e-13 0.000000e+00 0.000000e+00 0.000000e+00 0.000000e+00 1.047200e+00
-6.500000e+00 2.058110e+08 8.958341e+03 3.408567e-01 8.275206e-02 0.000000e+00 3.095614e-13 0.000000e+00 0.000000e+00 0.000000e+00 0.000000e+00 1.047200e+00
-6.400000e+00 2.039777e+08 8.823097e+03 3.538830e-01 8.390144e-02 0.000000e+00 3.299055e-13 0.000000e+00 0.000000e+00 0.000000e+00 0.000000e+00 1.047200e+00
-6.300000e+00 2.021444e+08 8.687853e+03 3.669093e-01 8.505082e-02 0.000000e+00 3.502495e-13 0.000000e+00 0.000000e+00 0.000000e+00 0.000000e+00 1.047200e+00
-6.200000e+00 1.996849e+08 8.517603e+03 3.869179e-01 8.579187e-02 0.000000e+00 3.833658e-13 0.000000e+00 0.000000e+00 0.000000e+00 0.000000e+00 1.047200e+00
-6.100000e+00 1.968236e+08 8.324896e+03 4.114055e-01 8.627098e-02 0.000000e+00 4.246753e-13 0.000000e+00 0.000000e+00 0.000000e+00 0.000000e+00 1.047200e+00
-6.000000e+00 1.931719e+08 8.116244e+03 4.490408e-01 8.634827e-02 0.000000e+00 4.887763e-13 0.000000e+00 0.000000e+00 0.000000e+00 0.000000e+00 1.047200e+00
-5.900000e+00 1.889111e+08 7.908546e+03 4.987003e-01 8.652641e-02 0.000000e+00 5.734876e-13 0.000000e+00 0.000000e+00 0.000000e+00 0.000000e+00 1.047200e+00
-5.800000e+00 1.836467e+08 7.722346e+03 5.749908e-01 8.751248e-02 0.000000e+00 7.031281e-13 0.000000e+00 0.000000e+00 0.000000e+00 0.000000e+00 1.047200e+00
-5.700000e+00 1.774011e+08 7.550716e+03 6.922086e-01 8.906690e-02 0.000000e+00 9.028922e-13 0.000000e+00 0.000000e+00 0.000000e+00 0.000000e+00 1.047200e+00
-5.600000e+00 1.700983e+08 7.380406e+03 8.757527e-01 9.058691e-02 0.000000e+00 1.222070e-12 0.000000e+00 0.000000e+00 0.000000e+00 0.000000e+00 1.047200e+00
-5.500000e+00 1.615544e+08 7.207079e+03 1.179685e+00 9.182150e-02 0.000000e+00 1.767832e-12 0.000000e+00 0.000000e+00 0.000000e+00 0.000000e+00 1.047200e+00
-5.400000e+00 1.516496e+08 7.042337e+03 1.758314e+00 9.497480e-02 0.000000e+00 2.857779e-12 0.000000e+00 0.000000e+00 0.000000e+00 0.000000e+00 1.047200e+00
-5.300000e+00 1.408897e+08 6.862796e+03 2.847612e+00 1.005103e-01 0.000000e+00 5.000942e-12 0.000000e+00 0.000000e+00 0.000000e+00 0.000000e+00 1.047200e+00
-5.200000e+00 1.297778e+08 6.672029e+03 4.923590e+00 1.079991e-01 0.000000e+00 9.341711e-12 0.000000e+00 0.000000e+00 0.000000e+00 0.000000e+00 1.047200e+00
-5.100000e+00 1.187871e+08 6.454817e+03 9.036492e+00 1.121518e-01 0.000000e+00 1.869990e-11 0.000000e+00 0.000000e+00 0.000000e+00 0.000000e+00 1.047200e+00
-5.000000e+00 1.084739e+08 6.238150e+03 1.696797e+01 1.136939e-01 0.000000e+00 3.779743e-11 0.000000e+00 0.000000e+00 0.000000e+00 0.000000e+00 1.047200e+00
-4.900000e+00 9.935166e+07 6.017158e+03 3.128212e+01 1.090440e-01 0.000000e+00 7.463722e-11 0.000000e+00 0.000000e+00 0.000000e+00 0.000000e+00 1.047200e+00
-4.800000e+00 9.127026e+07 5.796826e+03 5.351351e+01 9.958313e-02 0.000000e+00 1.350852e-10 0.000000e+00 0.000000e+00 0.000000e+00 0.000000e+00 1.047200e+00
-4.700000e+00 8.416171e+07 5.571519e+03 8.746014e+01 8.559834e-02 0.000000e+00 2.327060e-10 0.000000e+00 0.000000e+00 0.000000e+00 0.000000e+00 1.047200e+00
-4.600000e+00 7.796910e+07 5.323747e+03 1.420862e+02 6.912707e-02 0.000000e+00 4.018008e-10 0.000000e+00 0.000000e+00 0.000000e+00 0.000000e+00 1.047200e+00
-4.500000e+00 7.261492e+07 5.068189e+03 2.191933e+02 5.656317e-02 0.000000e+00 6.604347e-10 0.000000e+00 0.000000e+00 0.000000e+00 0.000000e+00 1.047200e+00
-4.400000e+00 6.832247e+07 4.852642e+03 3.170256e+02 5.270059e-02 0.000000e+00 1.001509e-09 0.000000e+00 0.000000e+00 0.000000e+00 0.000000e+00 1.047200e+00
-4.300000e+00 6.496517e+07 4.713639e+03 4.257006e+02 5.769206e-02 0.000000e+00 1.385157e-09 0.000000e+00 0.000000e+00 0.000000e+00 0.000000e+00 1.047200e+00
-4.200000e+00 6.244485e+07 4.637821e+03 5.423343e+02 6.712499e-02 0.000000e+00 1.800321e-09 0.000000e+00 0.000000e+00 0.000000e+00 0.000000e+00 1.047200e+00
-4.100000e+00 6.019176e+07 4.582175e+03 6.615089e+02 7.797591e-02 0.000000e+00 2.225547e-09 0.000000e+00 0.000000e+00 0.000000e+00 0.000000e+00 1.047200e+00
-4.000000e+00 5.823519e+07 4.549222e+03 7.927961e+02 9.057184e-02 0.000000e+00 2.694079e-09 0.000000e+00 0.000000e+00 0.000000e+00 0.000000e+00 1.047200e+00
-3.900000e+00 5.647506e+07 4.531304e+03 9.321081e+02 1.043239e-01 0.000000e+00 3.191302e-09 0.000000e+00 0.000000e+00 0.000000e+00 0.000000e+00 1.047200e+00
-3.800000e+00 5.479573e+07 4.516705e+03 1.085905e+03 1.194257e-01 0.000000e+00 3.732866e-09 0.000000e+00 0.000000e+00 0.000000e+00 0.000000e+00 1.047200e+00
-3.700000e+00 5.325448e+07 4.507777e+03 1.264460e+03 1.368349e-01 0.000000e+00 4.350222e-09 0.000000e+00 0.000000e+00 0.000000e+00 0.000000e+00 1.047200e+00
-3.600000e+00 5.172691e+07 4.500535e+03 1.449452e+03 1.548381e-01 0.000000e+00 4.988942e-09 0.000000e+00 0.000000e+00 0.000000e+00 0.000000e+00 1.047200e+00
-3.500000e+00 5.029178e+07 4.504690e+03 1.677943e+03 1.768563e-01 0.000000e+00 5.772042e-09 0.000000e+00 0.000000e+00 0.000000e+00 0.000000e+00 1.047200e+00
-3.400000e+00 4.885665e+07 4.508844e+03 1.906434e+03 1.988745e-01 0.000000e+00 6.555142e-09 0.000000e+00 0.000000e+00 0.000000e+00 0.000000e+00 1.047200e+00
-3.300000e+00 4.746154e+07 4.517594e+03 2.192754e+03 2.267692e-01 0.000000e+00 7.532896e-09 0.000000e+00 0.000000e+00 0.000000e+00 0.000000e+00 1.047200e+00
-3.200000e+00 4.608184e+07 4.528115e+03 2.501364e+03 2.569287e-01 0.000000e+00 8.585675e-09 0.000000e+00 0.000000e+00 0.000000e+00 0.000000e+00 1.047200e+00
-3.100000e+00 4.470215e+07 4.538635e+03 2.809973e+03 2.870883e-01 0.000000e+00 9.638455e-09 0.000000e+00 0.000000e+00 0.000000e+00 0.000000e+00 1.047200e+00
-3.000000e+00 4.334372e+07 4.556924e+03 3.253756e+03 3.308921e-01 0.000000e+00 1.110594e-08 0.000000e+00 0.000000e+00 0.000000e+00 0.000000e+00 1.047200e+00
-2.900000e+00 4.198847e+07 4.576370e+03 3.717684e+03 3.767292e-01 0.000000e+00 1.263524e-08 0.000000e+00 0.000000e+00 0.000000e+00 0.000000e+00 1.047200e+00
-2.800000e+00 4.063322e+07 4.595816e+03 4.181611e+03 4.225664e-01 0.000000e+00 1.416453e-08 0.000000e+00 0.000000e+00 0.000000e+00 0.000000e+00 1.047200e+00
-2.700000e+00 3.927188e+07 4.616107e+03 4.717724e+03 4.755434e-01 0.000000e+00 1.591974e-08 0.000000e+00 0.000000e+00 0.000000e+00 0.000000e+00 1.047200e+00
-2.600000e+00 3.789412e+07 4.638677e+03 5.448413e+03 5.477660e-01 0.000000e+00 1.828390e-08 0.000000e+00 0.000000e+00 0.000000e+00 0.000000e+00 1.047200e+00
-2.500000e+00 3.651636e+07 4.661246e+03 6.179102e+03 6.199885e-01 0.000000e+00 2.064806e-08 0.000000e+00 0.000000e+00 0.000000e+00 0.000000e+00 1.047200e+00
-2.400000e+00 3.513861e+07 4.683816e+03 6.909791e+03 6.922110e-01 0.000000e+00 2.301222e-08 0.000000e+00 0.000000e+00 0.000000e+00 0.000000e+00 1.047200e+00
-2.300000e+00 3.374081e+07 4.708782e+03 7.942660e+03 7.950573e-01 0.000000e+00 2.628736e-08 0.000000e+00 0.000000e+00 0.000000e+00 0.000000e+00 1.047200e+00
-2.200000e+00 3.233545e+07 4.734652e+03 9.089574e+03 9.094613e-01 0.000000e+00 2.990632e-08 0.000000e+00 0.000000e+00 0.000000e+00 0.000000e+00 1.047200e+00
-2.100000e+00 3.093009e+07 4.760522e+03 1.023649e+04 1.023865e+00 0.000000e+00 3.352529e-08 0.000000e+00 0.000000e+00 0.000000e+00 0.000000e+00 1.047200e+00
-2.000000e+00 2.951688e+07 4.787254e+03 1.154251e+04 1.154251e+00 0.000000e+00 3.760001e-08 0.000000e+00 0.000000e+00 0.000000e+00 0.000000e+00 1.047200e+00
-1.900000e+00 2.807975e+07 4.816612e+03 1.333331e+04 1.333331e+00 0.000000e+00 4.306341e-08 0.000000e+00 0.000000e+00 0.000000e+00 0.000000e+00 1.047200e+00
-1.800000e+00 2.664262e+07 4.845969e+03 1.512411e+04 1.512411e+00 0.000000e+00 4.852682e-08 0.000000e+00 0.000000e+00 0.000000e+00 0.000000e+00 1.047200e+00
-1.700000e+00 2.520549e+07 4.875326e+03 1.691490e+04 1.691490e+00 0.000000e+00 5.399023e-08 0.000000e+00 0.000000e+00 0.000000e+00 0.000000e+00 1.047200e+00
-1.600000e+00 2.373850e+07 4.907785e+03 1.949858e+04 1.959962e+00 0.000000e+00 6.169006e-08 0.000000e+00 0.000000e+00 0.000000e+00 0.000000e+00 1.047200e+00
-1.500000e+00 2.226585e+07 4.940831e+03 2.223238e+04 2.245358e+00 0.000000e+00 6.981335e-08 0.000000e+00 0.000000e+00 0.000000e+00 0.000000e+00 1.047200e+00
-1.400000e+00 2.079320e+07 4.973877e+03 2.496618e+04 2.530755e+00 0.000000e+00 7.793665e-08 0.000000e+00 0.000000e+00 0.000000e+00 0.000000e+00 1.047200e+00
-1.300000e+00 1.928298e+07 5.012256e+03 2.827121e+04 2.889376e+00 0.000000e+00 8.742891e-08 0.000000e+00 0.000000e+00 0.000000e+00 0.000000e+00 1.047200e+00
-1.200000e+00 1.773694e+07 5.055715e+03 3.212046e+04 3.317761e+00 0.000000e+00 9.822546e-08 0.000000e+00 0.000000e+00 0.000000e+00 0.000000e+00 1.047200e+00
-1.100000e+00 1.617099e+07 5.111035e+03 3.663954e+04 3.870355e+00 0.000000e+00 1.106936e-07 0.000000e+00 0.000000e+00 0.000000e+00 0.000000e+00 1.047200e+00
-1.000000e+00 1.459391e+07 5.173960e+03 4.155707e+04 4.511580e+00 0.000000e+00 1.239324e-07 0.000000e+00 0.000000e+00 0.000000e+00 0.000000e+00 1.047200e+00
-9.000000e-01 1.299709e+07 5.250804e+03 4.719232e+04 5.318445e+00 0.000000e+00 1.384688e-07 0.000000e+00 0.000000e+00 0.000000e+00 0.000000e+00 1.047200e+00
-8.000000e-01 1.138425e+07 5.338134e+03 5.371002e+04 6.400871e+00 0.000000e+00 1.545101e-07 0.000000e+00 0.000000e+00 0.000000e+00 0.000000e+00 1.047200e+00
-7.000000e-01 9.767533e+06 5.432909e+03 6.074405e+04 7.716756e+00 0.000000e+00 1.713732e-07 0.000000e+00 0.000000e+00 0.000000e+00 0.000000e+00 1.047200e+00
-6.000000e-01 8.156284e+06 5.542678e+03 6.862162e+04 9.569923e+00 0.000000e+00 1.894529e-07 0.000000e+00 0.000000e+00 0.000000e+00 0.000000e+00 1.047200e+00
-5.000000e-01 6.585280e+06 5.666076e+03 7.703842e+04 1.241339e+01 0.000000e+00 2.076507e-07 0.000000e+00 0.000000e+00 0.000000e+00 0.000000e+00 1.047200e+00
-4.000000e-01 5.040065e+06 5.799137e+03 8.575203e+04 1.594143e+01 0.000000e+00 2.257935e-07 0.000000e+00 0.000000e+00 0.000000e+00 0.000000e+00 1.047200e+00
-3.000000e-01 3.593317e+06 5.982483e+03 9.482786e+04 2.284524e+01 0.000000e+00 2.417048e-07 0.000000e+00 0.000000e+00 0.000000e+00 0.000000e+00 1.047200e+00
-2.000000e-01 2.281812e+06 6.157323e+03 1.038321e+05 3.307341e+01 0.000000e+00 2.561292e-07 0.000000e+00 0.000000e+00 0.000000e+00 0.000000e+00 1.047200e+00
-1.000000e-01 1.071163e+06 6.347213e+03 1.122805e+05 4.864147e+01 0.000000e+00 2.684807e-07 0.000000e+00 0.000000e+00 0.000000e+00 0.000000e+00 1.047200e+00
-8.881784e-16 -1.204864e+04 6.544566e+03 1.199827e+05 7.287801e+01 0.000000e+00 2.786686e-07 0.000000e+00 0.000000e+00 0.000000e+00 0.000000e+00 1.047200e+00
1.000000e-01 -9.967232e+05 6.747849e+03 1.277498e+05 1.088551e+02 0.000000e+00 2.869534e-07 0.000000e+00 0.000000e+00 0.000000e+00 0.000000e+00 1.047200e+00
2.000000e-01 -1.888197e+06 6.979537e+03 1.339875e+05 1.658859e+02 0.000000e+00 2.923891e-07 0.000000e+00 0.000000e+00 0.000000e+00 0.000000e+00 1.047200e+00
3.000000e-01 -2.677113e+06 7.216045e+03 1.402945e+05 2.556973e+02 0.000000e+00 2.957046e-07 0.000000e+00 0.000000e+00 0.000000e+00 0.000000e+00 1.047200e+00
4.000000e-01 -3.413108e+06 7.441982e+03 1.461802e+05 3.771894e+02 0.000000e+00 2.983243e-07 0.000000e+00 0.000000e+00 0.000000e+00 0.000000e+00 1.047200e+00
5.000000e-01 -4.116123e+06 7.659836e+03 1.518022e+05 5.297539e+02 0.000000e+00 3.006659e-07 0.000000e+00 0.000000e+00 0.000000e+00 0.000000e+00 1.047200e+00
6.000000e-01 -4.792250e+06 7.869367e+03 1.572095e+05 7.210347e+02 0.000000e+00 3.029640e-07 0.000000e+00 0.000000e+00 0.000000e+00 0.000000e+00 1.047200e+00
7.000000e-01 -5.450122e+06 8.078830e+03 1.624707e+05 9.898612e+02 0.000000e+00 3.046412e-07 0.000000e+00 0.000000e+00 0.000000e+00 0.000000e+00 1.047200e+00
8.000000e-01 -6.102066e+06 8.287386e+03 1.676846e+05 1.312666e+03 0.000000e+00 3.060790e-07 0.000000e+00 0.000000e+00 0.000000e+00 0.000000e+00 1.047200e+00
9.000000e-01 -6.748219e+06 8.494091e+03 1.728523e+05 1.719616e+03 0.000000e+00 3.072418e-07 0.000000e+00 0.000000e+00 0.000000e+00 0.000000e+00 1.047200e+00
1.000000e+00 -7.394076e+06 8.700702e+03 1.780176e+05 2.246910e+03 0.000000e+00 3.085044e-07 0.000000e+00 0.000000e+00 0.000000e+00 0.000000e+00 1.047200e+00
1.100000e+00 -8.043486e+06 8.902394e+03 1.833627e+05 2.838979e+03 0.000000e+00 3.099542e-07 0.000000e+00 0.000000e+00 0.000000e+00 0.000000e+00 1.047200e+00
1.200000e+00 -8.705154e+06 9.087604e+03 1.893158e+05 3.533516e+03 0.000000e+00 3.119386e-07 0.000000e+00 0.000000e+00 0.000000e+00 0.000000e+00 1.047200e+00
