401.500	 5.15	 0.01	 0.00	 0.03
401.501	 5.15	 0.01	 0.00	 0.03
401.502	 5.14	 0.01	 0.00	 0.04
401.503	 5.14	 0.01	 0.01	 0.04
401.504	 5.14	 0.01	 0.01	 0.04
401.505	 5.14	 0.01	 0.01	 0.04
401.506	 5.14	 0.01	 0.01	 0.05
401.507	 5.14	 0.01	 0.01	 0.05
401.508	 5.14	 0.01	 0.01	 0.05
401.509	 5.14	 0.01	 0.01	 0.06
401.510	 5.15	 0.01	 0.01	 0.06
401.511	 5.21	 0.01	 0.01	 0.06
401.512	 5.33	 0.01	 0.01	 0.06
401.513	 5.47	 0.01	 0.01	 0.06
401.514	 5.50	 0.01	 0.01	 0.06
401.515	 5.45	 0.02	 0.01	 0.06
401.516	 5.35	 0.02	 0.02	 0.08
401.517	 5.24	 0.04	 0.03	 0.12
401.518	 5.18	 0.08	 0.08	 0.23
401.519	 5.17	 0.15	 0.15	 0.51
401.520	 5.21	 0.15	 0.15	 0.92
401.521	 5.29	 0.11	 0.11	 0.93
401.522	 5.31	 0.26	 0.26	 0.51
401.523	 5.27	 0.18	 0.17	 0.67
401.524	 5.20	 0.10	 0.11	 0.65
401.525	 5.15	 0.18	 0.17	 0.37
401.526	 5.12	 0.17	 0.16	 0.20
401.527	 5.11	 0.15	 0.13	 0.24
401.528	 5.11	 0.15	 0.13	 0.34
401.529	 5.10	 0.17	 0.14	 0.42
401.530	 5.10	 0.22	 0.19	 0.51
401.531	 5.10	 0.33	 0.30	 0.68
401.532	 5.10	 0.65	 0.62	 1.17
401.533	 5.17	 1.43	 1.44	 2.73
401.534	 5.45	 2.54	 2.63	 6.48
401.535	 6.00	 2.39	 2.46	 9.76
401.536	 6.31	 0.88	 0.86	 7.71
401.537	 6.09	 1.80	 1.56	 4.07
401.538	 5.73	 1.68	 1.52	 3.79
401.539	 5.54	 1.27	 1.30	 5.64
401.540	 5.43	 4.51	 4.50	 5.64
401.541	 5.20	12.01	14.58	 5.98
401.542	 5.07	27.73	35.91	21.02
401.543	 4.93	41.82	50.14	37.48
401.544	 4.18	24.98	25.62	30.35
401.545	 2.92	 7.54	 4.80	13.60
401.546	 2.25	 6.87	 4.68	 3.42
401.547	 2.26	 5.56	 3.29	 7.29
401.548	 2.66	 8.11	 4.71	15.78
401.549	 3.35	17.31	18.02	27.65
401.550	 4.07	29.06	36.05	34.42
401.551	 4.56	32.04	40.26	29.78
401.552	 4.73	27.10	30.16	18.89
401.553	 4.68	21.29	17.85	 7.84
401.554	 4.59	18.43	12.68	 2.86
401.555	 4.63	22.58	19.44	11.48
401.556	 4.70	37.83	38.63	26.12
401.557	 4.42	43.63	43.21	35.34
401.558	 3.38	15.37	15.08	23.02
401.559	 2.21	 4.10	 2.58	 7.54
401.560	 1.91	 3.47	 2.80	 2.40
401.561	 2.00	 2.79	 1.66	 6.99
401.562	 2.40	 5.22	 4.39	14.22
401.563	 3.23	15.51	16.85	26.53
401.564	 4.07	32.05	37.16	36.67
401.565	 4.57	38.25	46.13	36.20
401.566	 4.76	30.21	38.15	27.49
401.567	 4.82	18.74	24.01	17.78
401.568	 4.84	10.79	13.15	10.87
401.569	 4.87	 6.20	 7.08	 6.73
401.570	 4.90	 3.76	 3.94	 4.55
401.571	 4.93	 2.44	 2.39	 3.27
401.572	 4.96	 1.67	 1.57	 2.46
401.573	 4.98	 1.20	 1.09	 1.91
401.574	 5.00	 0.89	 0.79	 1.52
401.575	 5.02	 0.67	 0.59	 1.23
401.576	 5.03	 0.52	 0.45	 1.01
401.577	 5.05	 0.41	 0.35	 0.84
401.578	 5.06	 0.33	 0.28	 0.71
401.579	 5.06	 0.27	 0.23	 0.60
401.580	 5.07	 0.22	 0.19	 0.51
401.581	 5.08	 0.19	 0.16	 0.43
401.582	 5.08	 0.16	 0.14	 0.37
401.583	 5.09	 0.15	 0.12	 0.31
401.584	 5.09	 0.13	 0.11	 0.26
401.585	 5.08	 0.13	 0.11	 0.21
401.586	 5.01	 0.12	 0.10	 0.16
401.587	 4.94	 0.12	 0.10	 0.11
401.588	 5.03	 0.15	 0.12	 0.06
401.589	 5.16	 0.21	 0.18	 0.03
401.590	 5.16	 0.34	 0.29	 0.09
401.591	 5.14	 0.61	 0.54	 0.25
401.592	 5.12	 1.26	 1.17	 0.60
401.593	 5.13	 2.92	 2.81	 1.44
401.594	 5.16	 6.98	 6.86	 3.60
401.595	 5.25	14.04	14.08	 8.57
401.596	 5.39	17.01	17.79	15.97
401.597	 5.54	 5.39	 6.76	18.78
401.598	 5.71	26.82	20.09	12.27
401.599	 5.73	37.03	28.46	 7.13
401.600	 5.62	24.78	19.25	15.69
401.601	 5.48	13.81	12.52	17.38
401.602	 5.36	14.32	14.82	13.50
401.603	 5.26	12.23	12.33	 8.40
401.604	 5.20	 7.60	 7.51	 4.48
401.605	 5.21	 3.91	 3.78	 2.18
401.606	 5.25	 1.84	 1.72	 1.03
401.607	 5.27	 0.89	 0.80	 0.54
401.608	 5.25	 0.48	 0.40	 0.33
401.609	 5.22	 0.29	 0.23	 0.24
401.610	 5.18	 0.19	 0.15	 0.19
401.611	 5.16	 0.13	 0.10	 0.15
401.612	 5.15	 0.09	 0.07	 0.12
401.613	 5.15	 0.07	 0.05	 0.10
401.614	 5.15	 0.05	 0.04	 0.09
401.615	 5.15	 0.04	 0.03	 0.07
401.616	 5.15	 0.04	 0.03	 0.06
401.617	 5.15	 0.03	 0.03	 0.05
401.618	 5.15	 0.03	 0.03	 0.04
401.619	 5.15	 0.04	 0.04	 0.03
401.620	 5.16	 0.10	 0.09	 0.03
401.621	 5.16	 0.31	 0.29	 0.10
401.622	 5.17	 1.07	 1.02	 0.46
401.623	 5.20	 3.18	 3.09	 1.67
401.624	 5.28	 6.71	 6.59	 4.82
401.625	 5.46	 7.51	 7.56	 9.36
401.626	 5.68	 1.82	 2.02	10.57
401.627	 5.84	13.21	11.34	 6.10
401.628	 5.80	15.65	13.28	 5.35
401.629	 5.62	 8.77	 7.62	 9.75
401.630	 5.43	 5.62	 5.56	 9.13
401.631	 5.31	 6.46	 6.32	 6.00
401.632	 5.24	 4.93	 4.62	 3.17
401.633	 5.22	 2.67	 2.42	 1.48
401.634	 5.22	 1.10	 0.95	 0.72
401.635	 5.24	 0.18	 0.16	 0.57
401.636	 5.31	 1.13	 0.97	 1.12
401.637	 5.54	 3.99	 3.24	 3.44
401.638	 5.97	 7.36	 5.68	 7.83
401.639	 5.01	 4.11	 3.22	 6.65
401.640	 2.74	 0.48	 0.37	 2.98
401.641	 2.03	 0.18	 0.24	 0.57
401.642	 2.01	 0.13	 0.17	 0.95
401.643	 2.29	 0.18	 0.21	 2.18
401.644	 3.11	 0.88	 0.84	 4.44
401.645	 4.43	 3.34	 2.90	 7.59
401.646	 5.35	 6.16	 5.13	 8.69
401.647	 5.56	 6.02	 4.96	 6.37
401.648	 5.43	 3.62	 2.99	 3.30
401.649	 5.31	 1.27	 1.13	 1.67
401.650	 5.28	 1.80	 1.71	 2.29
401.651	 5.41	 4.31	 4.17	 6.17
401.652	 5.73	 4.14	 4.20	11.31
401.653	 6.08	 2.56	 2.09	10.84
401.654	 6.22	 8.30	 6.90	 5.33
401.655	 6.07	 7.52	 6.31	 8.13
401.656	 5.76	 3.77	 3.48	10.85
401.657	 5.48	 3.92	 4.03	 7.82
401.658	 5.33	 3.58	 3.50	 3.69
401.659	 5.28	 1.81	 1.75	 1.43
401.660	 5.26	 0.74	 0.70	 0.68
401.661	 5.24	 0.33	 0.31	 1.16
401.662	 5.22	 0.14	 0.13	 1.27
401.663	 5.20	 0.32	 0.29	 0.95
401.664	 5.20	 0.55	 0.48	 0.52
401.665	 5.19	 0.94	 0.81	 0.27
401.666	 5.16	 1.18	 1.00	 0.82
401.667	 5.11	 0.57	 0.52	 1.18
401.668	 5.07	 1.40	 1.18	 0.94
401.669	 5.07	 2.27	 1.88	 0.49
401.670	 5.11	 1.51	 1.29	 1.02
401.671	 5.14	 0.69	 0.60	 1.13
401.672	 5.16	 0.92	 0.79	 0.84
401.673	 5.17	 0.85	 0.74	 0.45
401.674	 5.17	 0.77	 0.68	 0.15
401.675	 5.18	 1.35	 1.25	 0.71
401.676	 5.24	 2.89	 2.75	 2.39
401.677	 5.38	 3.60	 3.48	 5.12
401.678	 5.57	 0.81	 0.98	 6.01
401.679	 5.68	 5.62	 4.91	 3.44
401.680	 5.65	 6.40	 5.56	 3.33
401.681	 5.52	 3.45	 3.09	 5.64
401.682	 5.36	 2.67	 2.63	 4.99
401.683	 5.25	 2.92	 2.79	 3.08
401.684	 5.20	 1.95	 1.84	 1.48
401.685	 5.17	 0.96	 0.89	 0.60
401.686	 5.16	 0.38	 0.35	 0.22
401.687	 5.16	 0.13	 0.12	 0.08
401.688	 5.16	 0.04	 0.04	 0.03
401.689	 5.16	 0.02	 0.01	 0.02
401.690	 5.16	 0.01	 0.01	 0.01
401.691	 5.16	 0.00	 0.00	 0.01
401.692	 5.16	 0.00	 0.00	 0.01
401.693	 5.16	 0.00	 0.00	 0.01
401.694	 5.16	 0.00	 0.00	 0.00
401.695	 5.16	 0.00	 0.00	 0.00
401.696	 5.16	 0.00	 0.00	 0.00
401.697	 5.16	 0.00	 0.00	 0.00
401.698	 5.16	 0.00	 0.00	 0.00
401.699	 5.16	 0.00	 0.00	 0.00
401.700	 5.16	 0.00	 0.00	 0.00
