* Model file'
*
  atm_0_1
  Tau scale
*
* log(g) [cm s^-2]
  4.44
*
* Ndep
  57
*
* lot tau    Temp[K]    n_e[m-3]    v_z[km/s]   v_turb[km/s]
  -7.5449    9983.00   6.8490e+10   0.0000e+00   7.6420e+00
  -7.4831    9735.00   6.5994e+10   0.0000e+00   7.5910e+00
  -7.4177    9587.00   6.2631e+10   0.0000e+00   7.5470e+00
  -7.3289    9458.00   5.8048e+10   0.0000e+00   7.4930e+00
  -7.0942    9358.00   5.8436e+10   0.0000e+00   7.4530e+00
  -6.8370    9228.00   6.1457e+10   0.0000e+00   7.3990e+00
  -6.5219    8988.00   6.6483e+10   0.0000e+00   7.2680e+00
  -6.2609    8635.00   7.1717e+10   0.0000e+00   7.0440e+00
  -6.0731    8273.00   7.5643e+10   0.0000e+00   6.8230e+00
  -5.9318    7970.00   7.8428e+10   0.0000e+00   6.6140e+00
  -5.8334    7780.00   8.0995e+10   0.0000e+00   6.4320e+00
  -5.7291    7600.00   8.4438e+10   0.0000e+00   6.2070e+00
  -5.6170    7410.00   8.8362e+10   0.0000e+00   5.9320e+00
  -5.5080    7220.00   9.1891e+10   0.0000e+00   5.5910e+00
  -5.4211    7080.00   9.6164e+10   0.0000e+00   5.2970e+00
  -5.3258    6910.00   1.0314e+11   0.0000e+00   4.9260e+00
  -5.2329    6740.00   1.1391e+11   0.0000e+00   4.5040e+00
  -5.1506    6570.00   1.2237e+11   0.0000e+00   4.0600e+00
  -5.0627    6370.00   1.2849e+11   0.0000e+00   3.5530e+00
  -4.9723    6180.00   1.3361e+11   0.0000e+00   3.0530e+00
  -4.8702    5950.00   1.3025e+11   0.0000e+00   2.5960e+00
  -4.7831    5760.00   1.2298e+11   0.0000e+00   2.2550e+00
  -4.6993    5570.00   1.1118e+11   0.0000e+00   2.0010e+00
  -4.6220    5380.00   9.7470e+10   0.0000e+00   1.7720e+00
  -4.5360    5160.00   8.3659e+10   0.0000e+00   1.5340e+00
  -4.4341    4900.00   7.5386e+10   0.0000e+00   1.3690e+00
  -4.2758    4680.00   9.1156e+10   0.0000e+00   1.1680e+00
  -4.0602    4560.00   1.3072e+11   0.0000e+00   9.9500e-01
  -3.8369    4520.00   1.8107e+11   0.0000e+00   8.9000e-01
  -3.6129    4500.00   2.4465e+11   0.0000e+00   8.0400e-01
  -3.3722    4510.00   3.2923e+11   0.0000e+00   7.2300e-01
  -3.0870    4540.00   4.6425e+11   0.0000e+00   6.5400e-01
  -2.7271    4610.00   7.1644e+11   0.0000e+00   5.5600e-01
  -2.3726    4690.00   1.0996e+12   0.0000e+00   5.2200e-01
  -2.0247    4780.00   1.6819e+12   0.0000e+00   5.7300e-01
  -1.6841    4880.00   2.5529e+12   0.0000e+00   6.2700e-01
  -1.3512    4990.00   3.8755e+12   0.0000e+00   8.0400e-01
  -1.1901    5060.00   4.8096e+12   0.0000e+00   8.9300e-01
  -1.0312    5150.00   5.9913e+12   0.0000e+00   9.9500e-01
  -0.8750    5270.00   7.5866e+12   0.0000e+00   1.0930e+00
  -0.7209    5410.00   9.8135e+12   0.0000e+00   1.1960e+00
  -0.5660    5580.00   1.3240e+13   0.0000e+00   1.2920e+00
  -0.4050    5790.00   1.9515e+13   0.0000e+00   1.3960e+00
  -0.3014    5980.00   2.7494e+13   0.0000e+00   1.4490e+00
  -0.1870    6180.00   4.0317e+13   0.0000e+00   1.5070e+00
  -0.1037    6340.00   5.4608e+13   0.0000e+00   1.5420e+00
  -0.0123    6520.00   7.6429e+13   0.0000e+00   1.5790e+00
  +0.0880    6720.00   1.0994e+14   0.0000e+00   1.6210e+00
  +0.2002    6980.00   1.7225e+14   0.0000e+00   1.6520e+00
  +0.3270    7280.00   2.7858e+14   0.0000e+00   1.6770e+00
  +0.4667    7590.00   4.4469e+14   0.0000e+00   1.6960e+00
  +0.6146    7900.00   6.8671e+14   0.0000e+00   1.7170e+00
  +0.7674    8220.00   1.0397e+15   0.0000e+00   1.7340e+00
  +0.9222    8540.00   1.5351e+15   0.0000e+00   1.7470e+00
  +1.0771    8860.00   2.1909e+15   0.0000e+00   1.7600e+00
  +1.2283    9140.00   2.9558e+15   0.0000e+00   1.7860e+00
  +1.3728    9400.00   3.8295e+15   0.0000e+00   1.8070e+00
*
* Hydrogen populations [m-3]
*     nh(1)        nh(2)        nh(3)        nh(4)        nh(5)        nh(6)
   2.9470e+07   6.8393e+05   5.9299e+05   7.5504e+05   1.0109e+06   1.3385e+06
   4.6226e+07   9.4092e+05   7.9622e+05   1.0052e+06   1.3405e+06   1.7712e+06
   5.9829e+07   1.1225e+06   9.3561e+05   1.1750e+06   1.5631e+06   2.0625e+06
   7.3760e+07   1.2862e+06   1.0577e+06   1.3220e+06   1.7548e+06   2.3128e+06
   9.2838e+07   1.5276e+06   1.2427e+06   1.5474e+06   2.0505e+06   2.6998e+06
   1.3161e+08   2.0042e+06   1.6073e+06   1.9914e+06   2.6326e+06   3.4620e+06
   2.5576e+08   3.3565e+06   2.6186e+06   3.2133e+06   4.2291e+06   5.5480e+06
   6.9975e+08   7.2687e+06   5.4304e+06   6.5634e+06   8.5779e+06   1.1210e+07
   2.1054e+09   1.6854e+07   1.1999e+07   1.4259e+07   1.8491e+07   2.4063e+07
   5.7879e+09   3.6584e+07   2.4930e+07   2.9177e+07   3.7568e+07   4.8700e+07
   1.1806e+10   6.3750e+07   4.2193e+07   4.8878e+07   6.2639e+07   8.0992e+07
   2.5226e+10   1.1648e+08   7.4888e+07   8.5879e+07   1.0954e+08   1.4128e+08
   6.0709e+10   2.3568e+08   1.4674e+08   1.6640e+08   2.1114e+08   2.7154e+08
   1.5511e+11   5.0167e+08   3.0196e+08   3.3838e+08   4.2703e+08   5.4756e+08
   3.3401e+11   9.3842e+08   5.5032e+08   6.1108e+08   7.6793e+08   9.8241e+08
   8.4601e+11   1.9881e+09   1.1279e+09   1.2381e+09   1.5475e+09   1.9740e+09
   2.1020e+12   4.0944e+09   2.2436e+09   2.4329e+09   3.0240e+09   3.8455e+09
   4.5254e+12   7.2361e+09   3.8229e+09   4.0928e+09   5.0570e+09   6.4102e+09
   9.6638e+12   1.2087e+10   6.1015e+09   6.4290e+09   7.8853e+09   9.9555e+09
   1.9404e+13   1.8937e+10   9.1300e+09   9.4667e+09   1.1525e+10   1.4492e+10
   3.8877e+13   2.7507e+10   1.2496e+10   1.2689e+10   1.5300e+10   1.9138e+10
   6.5216e+13   3.4701e+10   1.4953e+10   1.4907e+10   1.7820e+10   2.2188e+10
   1.0323e+14   4.0509e+10   1.6499e+10   1.6127e+10   1.9104e+10   2.3668e+10
   1.5524e+14   4.3976e+10   1.6862e+10   1.6137e+10   1.8929e+10   2.3328e+10
   2.3740e+14   4.4747e+10   1.5911e+10   1.4830e+10   1.7185e+10   2.1038e+10
   3.7656e+14   4.1834e+10   1.3488e+10   1.2148e+10   1.3856e+10   1.6817e+10
   6.3655e+14   4.3185e+10   1.2708e+10   1.1086e+10   1.2458e+10   1.5000e+10
   1.0248e+15   5.2071e+10   1.4524e+10   1.2435e+10   1.3854e+10   1.6601e+10
   1.4874e+15   6.8399e+10   1.8729e+10   1.5931e+10   1.7697e+10   2.1172e+10
   2.0799e+15   9.0931e+10   2.4667e+10   2.0914e+10   2.3196e+10   2.7728e+10
   2.8791e+15   1.2910e+11   3.5186e+10   2.9881e+10   3.3167e+10   3.9664e+10
   4.1376e+15   2.0005e+11   5.5290e+10   4.7183e+10   5.2490e+10   6.2849e+10
   6.4625e+15   3.7108e+11   1.0588e+11   9.1364e+10   1.0217e+11   1.2267e+11
   9.9921e+15   6.9396e+11   2.0510e+11   1.7918e+11   2.0151e+11   2.4271e+11
   1.5306e+16   1.3067e+12   4.0123e+11   3.5525e+11   4.0200e+11   4.8582e+11
   2.3231e+16   2.4722e+12   7.9075e+11   7.1021e+11   8.0901e+11   9.8121e+11
   3.4739e+16   4.6632e+12   1.5571e+12   1.4197e+12   1.6285e+12   1.9826e+12
   4.2334e+16   6.5533e+12   2.2467e+12   2.0675e+12   2.3817e+12   2.9064e+12
   5.0937e+16   9.4168e+12   3.3364e+12   3.1058e+12   3.5969e+12   4.4020e+12
   6.0782e+16   1.4105e+13   5.2121e+12   4.9239e+12   5.7416e+12   7.0527e+12
   7.2000e+16   2.1506e+13   8.3273e+12   7.9965e+12   9.3954e+12   1.1588e+13
   8.4214e+16   3.3599e+13   1.3727e+13   1.3431e+13   1.5918e+13   1.9727e+13
   9.7087e+16   5.4104e+13   2.3515e+13   2.3512e+13   2.8147e+13   3.5071e+13
   1.0435e+17   7.7103e+13   3.5307e+13   3.5955e+13   4.3409e+13   5.4337e+13
   1.1193e+17   1.0924e+14   5.2667e+13   5.4609e+13   6.6482e+13   8.3597e+13
   1.1636e+17   1.4008e+14   7.0215e+13   7.3801e+13   9.0415e+13   1.1408e+14
   1.2018e+17   1.8098e+14   9.4555e+13   1.0084e+14   1.2437e+14   1.5750e+14
   1.2438e+17   2.3685e+14   1.2924e+14   1.3994e+14   1.7382e+14   2.2096e+14
   1.2624e+17   3.1963e+14   1.8386e+14   2.0279e+14   2.5405e+14   3.2445e+14
   1.2806e+17   4.3922e+14   2.6726e+14   3.0064e+14   3.8007e+14   4.8780e+14
   1.2944e+17   5.9236e+14   3.8022e+14   4.3577e+14   5.5569e+14   7.1658e+14
   1.3053e+17   7.7925e+14   5.2542e+14   6.1265e+14   7.8750e+14   1.0199e+15
   1.3113e+17   1.0085e+15   7.1268e+14   8.4475e+14   1.0941e+15   1.4229e+15
   1.3137e+17   1.2772e+15   9.4257e+14   1.1343e+15   1.4796e+15   1.9315e+15
   1.3120e+17   1.5853e+15   1.2180e+15   1.4866e+15   1.9517e+15   2.5569e+15
   1.3208e+17   1.9063e+15   1.5136e+15   1.8689e+15   2.4667e+15   3.2409e+15
   1.3287e+17   2.2406e+15   1.8310e+15   2.2837e+15   3.0283e+15   3.9889e+15
