# parID   LineNo   initial   min     max
loggf      1    -2.685    -3.172    -1.172
#loggf      2    -1.597    -2.806    -0.806
#loggf      3    -0.548    -1.084     0.916
#loggf      4    -0.329    -1.857     0.143
#loggf      5     0.025    -1.781     0.219
#loggf      6    -2.304    -3.419    -1.419
#loggf      7     0.534    -0.920     1.000
#loggf      8    -1.429    -1.515     0.485
#loggf      9     0.138    -1.087     0.913
#loggf     10    -2.293    -2.928    -0.928
#loggf     11    -2.342    -2.870    -0.870
#loggf     12    -1.111    -1.714     0.286
#loggf     13    -1.878    -2.426    -0.426
#loggf     14    -3.959    -4.513    -2.513
#loggf     15    -1.319    -2.160    -0.160
#loggf     16    -3.088    -3.905    -1.905
#loggf     17    -2.828    -3.576    -1.576
#loggf     18     0.179    -1.547     0.453
